0.000000000000000000e+00 2.124793599502090125e+00 1.115337962285690709e+00 2.069692225713861689e+00 8.556954583974138995e-01 3.126250942356183771e+01 1.873095594773353634e+00 5.565748842241099226e+00 7.906425526183823438e-01 2.417598875522700475e+00 2.489122008707671974e+00 4.813687864645857850e+00 1.818073344606925090e+01 7.777008606952009018e+00 1.024680724618138150e+01 7.760302517115344578e+00 1.290000920814960494e+01 4.931592152198574830e+00 1.168149192878596487e+01 1.767756615375021667e+01 5.708455934000921772e+00 2.127328774386282717e+01 1.423904694535712778e+01 1.779510918902950678e+01 1.159564007116047257e+01
2.124793599502090125e+00 0.000000000000000000e+00 1.017917472911275656e+00 1.380071953882658908e+00 1.440817505891495376e+00 3.305583132520157363e+01 7.008238620857338841e-01 7.650009112135072620e+00 1.678624124424216824e+00 1.184668417229208570e+00 2.490581568339622187e+00 2.878815626363688818e+00 1.816094109618369146e+01 9.787197971786275374e+00 1.225357770519905820e+01 9.651458122840693932e+00 1.489617662908340456e+01 3.091970712829538837e+00 1.370832639933144392e+01 1.968769135637921863e+01 7.648039496582932806e+00 2.323906566806204665e+01 1.314218970820096288e+01 1.740052741317218121e+01 9.548390204773895107e+00
1.115337962285690709e+00 1.017917472911275656e+00 0.000000000000000000e+00 1.471655016400115867e+00 6.301764696539169375e-01 3.224627911527785784e+01 8.355815957483038181e-01 6.635236912812087162e+00 7.390893250089602962e-01 1.476472872320344853e+00 2.347170427575607121e+00 3.815675055668943827e+00 1.823417249575757282e+01 8.791776464410199665e+00 1.126044436392957060e+01 8.779178736950710160e+00 1.390728459401837469e+01 3.981267109804770943e+00 1.276615823722801224e+01 1.875655482537258223e+01 6.671427326416451642e+00 2.233383393097883385e+01 1.371648294756988840e+01 1.765100674425139005e+01 1.054682969092216993e+01
2.069692225713861689e+00 1.380071953882658908e+00 1.471655016400115867e+00 0.000000000000000000e+00 1.232164328472503900e+00 3.196760674367541455e+01 1.897063522729134144e+00 7.490213344092281567e+00 2.145885983803154318e+00 2.517078406452123218e+00 1.117790677853963244e+00 2.952595884791146652e+00 1.685818131971447897e+01 9.774208085045220429e+00 1.223800772615958188e+01 8.721975239952829639e+00 1.489344645357034302e+01 2.985274953100899076e+00 1.291599385635141495e+01 1.884510764796930005e+01 7.753864279613254418e+00 2.232718140028379494e+01 1.227219882279512930e+01 1.620279391559472870e+01 9.747256232929638387e+00
8.556954583974138995e-01 1.440817505891495376e+00 6.301764696539169375e-01 1.232164328472503900e+00 0.000000000000000000e+00 3.166319179015559016e+01 1.450174243939369223e+00 6.392153197192004477e+00 1.010203147742273710e+00 2.103329689218872645e+00 1.859776691863560982e+00 3.976389125981687034e+00 1.772679213144792243e+01 8.625180165545419442e+00 1.109432129674252998e+01 8.223944945527973616e+00 1.374845299971922685e+01 4.081931924547627766e+00 1.226767354356176476e+01 1.824710185943199647e+01 6.563997497780111878e+00 2.180275852977203854e+01 1.347434019742092026e+01 1.721852601962324059e+01 1.077243344524188373e+01
3.126250942356183771e+01 3.305583132520157363e+01 3.224627911527785784e+01 3.196760674367541455e+01 3.166319179015559016e+01 0.000000000000000000e+00 3.307852904486833268e+01 2.773730059944377402e+01 3.203393390391996576e+01 3.367428983447640434e+01 3.100366364487479487e+01 3.443759717520035935e+01 2.732636407272770285e+01 2.751823156257472647e+01 2.665424899852811791e+01 2.351598146786574262e+01 2.611207669181301938e+01 3.422723956525606326e+01 2.016615378610244136e+01 1.466132681668207560e+01 2.898611274376388280e+01 1.097175362626510520e+01 3.465673960486572014e+01 3.041026601755910264e+01 4.001809163780462342e+01
1.873095594773353634e+00 7.008238620857338841e-01 8.355815957483038181e-01 1.897063522729134144e+00 1.450174243939369223e+00 3.307852904486833268e+01 0.000000000000000000e+00 7.222259959108444427e+00 1.226482141655536484e+00 6.687548441486222961e-01 2.944915866875065458e+00 3.514143852079450792e+00 1.875256299483854860e+01 9.287329678197597360e+00 1.174499874657621312e+01 9.602346633341124260e+00 1.437651090819917066e+01 3.754464961980754190e+00 1.355458519552516350e+01 1.955033515039210812e+01 7.118773152367019463e+00 2.314107713124283805e+01 1.384210407520295583e+01 1.804816412206067611e+01 1.007493128652215830e+01
5.565748842241099226e+00 7.650009112135072620e+00 6.635236912812087162e+00 7.490213344092281567e+00 6.392153197192004477e+00 2.773730059944377402e+01 7.222259959108444427e+00 0.000000000000000000e+00 6.006360350181465968e+00 7.527409220436411807e+00 7.374259196813353512e+00 1.036824508772979136e+01 2.051487717318632775e+01 2.399843498412339571e+00 4.794859212596569442e+00 5.358856726066193232e+00 7.439280764092498721e+00 1.045797064023293288e+01 7.571174512409975854e+00 1.336959418620048012e+01 1.475687028886530472e+00 1.712493967032188635e+01 1.874798365137269585e+01 2.093669730912326088e+01 1.716093900455088672e+01
7.906425526183823438e-01 1.678624124424216824e+00 7.390893250089602962e-01 2.145885983803154318e+00 1.010203147742273710e+00 3.203393390391996576e+01 1.226482141655536484e+00 6.006360350181465968e+00 0.000000000000000000e+00 1.677176654700730518e+00 2.869701904751710053e+00 4.533637878417401623e+00 1.872294132216765306e+01 8.111595026165067779e+00 1.057669050120018284e+01 8.523870233291276577e+00 1.321805051096719907e+01 4.711819517522178202e+00 1.238929366897441398e+01 1.838978380754017650e+01 5.969579666103154381e+00 2.200370439663356947e+01 1.441704285060771262e+01 1.822867524060542266e+01 1.122536826339537797e+01
2.417598875522700475e+00 1.184668417229208570e+00 1.476472872320344853e+00 2.517078406452123218e+00 2.103329689218872645e+00 3.367428983447640434e+01 6.687548441486222961e-01 7.527409220436411807e+00 1.677176654700730518e+00 0.000000000000000000e+00 3.592271893317801723e+00 3.659837374144270683e+00 1.934334817262415385e+01 9.496201781437253686e+00 1.193439498768878693e+01 1.017751970231651271e+01 1.454520021366434968e+01 3.953888966583147369e+00 1.406632747409823203e+01 2.006693079586781181e+01 7.298669530446891152e+00 2.367911385816689318e+01 1.421347260234541565e+01 1.857818120909925952e+01 9.978025449263908442e+00
2.489122008707671974e+00 2.490581568339622187e+00 2.347170427575607121e+00 1.117790677853963244e+00 1.859776691863560982e+00 3.100366364487479487e+01 2.944915866875065458e+00 7.374259196813353512e+00 2.869701904751710053e+00 3.592271893317801723e+00 0.000000000000000000e+00 3.578218941602640868e+00 1.588807057543690071e+01 9.734933323894505719e+00 1.216783024391028789e+01 7.928519760172249242e+00 1.481332720982611484e+01 3.489397241911406322e+00 1.220610041201835472e+01 1.807510150001207094e+01 7.847632904399860720e+00 2.149819615426654806e+01 1.179204015623854751e+01 1.536039803633268797e+01 1.020349536298526338e+01
4.813687864645857850e+00 2.878815626363688818e+00 3.815675055668943827e+00 2.952595884791146652e+00 3.976389125981687034e+00 3.443759717520035935e+01 3.514143852079450792e+00 1.036824508772979136e+01 4.533637878417401623e+00 3.659837374144270683e+00 3.578218941602640868e+00 0.000000000000000000e+00 1.694244801972096326e+01 1.258716681364698253e+01 1.505725444235689459e+01 1.150659844738944670e+01 1.770858554048806255e+01 4.092658779901668376e-01 1.577614435005276405e+01 2.165323379372285117e+01 1.048522964498734034e+01 2.506451581861520950e+01 1.076956317764193116e+01 1.573429104028299186e+01 6.806714156965538720e+00
1.818073344606925090e+01 1.816094109618369146e+01 1.823417249575757282e+01 1.685818131971447897e+01 1.772679213144792243e+01 2.732636407272770285e+01 1.875256299483854860e+01 2.051487717318632775e+01 1.872294132216765306e+01 1.934334817262415385e+01 1.588807057543690071e+01 1.694244801972096326e+01 0.000000000000000000e+00 2.261264159549443420e+01 2.434385622606769672e+01 1.625813534502976765e+01 2.643388717211224659e+01 1.653655141213480917e+01 1.888038363698887068e+01 2.155614759005184311e+01 2.175299984475278237e+01 2.291451487030091272e+01 9.443085635432288072e+00 3.220918598924738863e+00 1.830687650980507541e+01
7.777008606952009018e+00 9.787197971786275374e+00 8.791776464410199665e+00 9.774208085045220429e+00 8.625180165545419442e+00 2.751823156257472647e+01 9.287329678197597360e+00 2.399843498412339571e+00 8.111595026165067779e+00 9.496201781437253686e+00 9.734933323894505719e+00 1.258716681364698253e+01 2.261264159549443420e+01 0.000000000000000000e+00 2.470088736724801226e+00 6.786634985031804845e+00 5.123273296143699085e+00 1.270708142741086455e+01 7.634712653138038263e+00 1.289886803550009553e+01 2.216237952114525456e+00 1.666421641611859883e+01 2.114432814214660183e+01 2.318191535025931316e+01 1.933548297609517164e+01
1.024680724618138150e+01 1.225357770519905820e+01 1.126044436392957060e+01 1.223800772615958188e+01 1.109432129674252998e+01 2.665424899852811791e+01 1.174499874657621312e+01 4.794859212596569442e+00 1.057669050120018284e+01 1.193439498768878693e+01 1.216783024391028789e+01 1.505725444235689459e+01 2.434385622606769672e+01 2.470088736724801226e+00 0.000000000000000000e+00 8.144859810483504603e+00 2.655457682310900402e+00 1.517624540316817239e+01 7.623479849938642694e+00 1.201141631565033130e+01 4.635791591939924849e+00 1.569000995049729852e+01 2.343698486980059315e+01 2.513058634086075926e+01 2.180187894407067262e+01
7.760302517115344578e+00 9.651458122840693932e+00 8.779178736950710160e+00 8.721975239952829639e+00 8.223944945527973616e+00 2.351598146786574262e+01 9.602346633341124260e+00 5.358856726066193232e+00 8.523870233291276577e+00 1.017751970231651271e+01 7.928519760172249242e+00 1.150659844738944670e+01 1.625813534502976765e+01 6.786634985031804845e+00 8.144859810483504603e+00 0.000000000000000000e+00 1.018071537567319140e+01 1.139936061745773266e+01 4.363360561344978628e+00 1.014664741084576605e+01 6.834158999849009319e+00 1.360726049951048999e+01 1.672091051308343879e+01 1.728625123457445412e+01 1.796994566509750513e+01
1.290000920814960494e+01 1.489617662908340456e+01 1.390728459401837469e+01 1.489344645357034302e+01 1.374845299971922685e+01 2.611207669181301938e+01 1.437651090819917066e+01 7.439280764092498721e+00 1.321805051096719907e+01 1.454520021366434968e+01 1.481332720982611484e+01 1.770858554048806255e+01 2.643388717211224659e+01 5.123273296143699085e+00 2.655457682310900402e+00 1.018071537567319140e+01 0.000000000000000000e+00 1.783035298765706145e+01 8.597343562319657906e+00 1.173920388018252403e+01 7.257926324960738640e+00 1.518683313483438724e+01 2.598454691533428829e+01 2.740193761510833781e+01 2.444273722874315169e+01
4.931592152198574830e+00 3.091970712829538837e+00 3.981267109804770943e+00 2.985274953100899076e+00 4.081931924547627766e+00 3.422723956525606326e+01 3.754464961980754190e+00 1.045797064023293288e+01 4.711819517522178202e+00 3.953888966583147369e+00 3.489397241911406322e+00 4.092658779901668376e-01 1.653655141213480917e+01 1.270708142741086455e+01 1.517624540316817239e+01 1.139936061745773266e+01 1.783035298765706145e+01 0.000000000000000000e+00 1.569371524191165612e+01 2.154319514569884220e+01 1.062986805819503822e+01 2.492694711674107921e+01 1.039525397808386487e+01 1.532569037719625271e+01 6.770251137173378453e+00
1.168149192878596487e+01 1.370832639933144392e+01 1.276615823722801224e+01 1.291599385635141495e+01 1.226767354356176476e+01 2.016615378610244136e+01 1.355458519552516350e+01 7.571174512409975854e+00 1.238929366897441398e+01 1.406632747409823203e+01 1.220610041201835472e+01 1.577614435005276405e+01 1.888038363698887068e+01 7.634712653138038263e+00 7.623479849938642694e+00 4.363360561344978628e+00 8.597343562319657906e+00 1.569371524191165612e+01 0.000000000000000000e+00 6.001613875460123815e+00 8.847009666019109986e+00 9.667925649103949581e+00 2.073789605981390238e+01 2.043852856685230535e+01 2.231740593123046779e+01
1.767756615375021667e+01 1.968769135637921863e+01 1.875655482537258223e+01 1.884510764796930005e+01 1.824710185943199647e+01 1.466132681668207560e+01 1.955033515039210812e+01 1.336959418620048012e+01 1.838978380754017650e+01 2.006693079586781181e+01 1.807510150001207094e+01 2.165323379372285117e+01 2.155614759005184311e+01 1.289886803550009553e+01 1.201141631565033130e+01 1.014664741084576605e+01 1.173920388018252403e+01 2.154319514569884220e+01 6.001613875460123815e+00 0.000000000000000000e+00 1.450480030625896610e+01 3.772677421411014809e+00 2.537762396290832356e+01 2.375647361136396896e+01 2.804707160947972966e+01
5.708455934000921772e+00 7.648039496582932806e+00 6.671427326416451642e+00 7.753864279613254418e+00 6.563997497780111878e+00 2.898611274376388280e+01 7.118773152367019463e+00 1.475687028886530472e+00 5.969579666103154381e+00 7.298669530446891152e+00 7.847632904399860720e+00 1.048522964498734034e+01 2.175299984475278237e+01 2.216237952114525456e+00 4.635791591939924849e+00 6.834158999849009319e+00 7.257926324960738640e+00 1.062986805819503822e+01 8.847009666019109986e+00 1.450480030625896610e+01 0.000000000000000000e+00 1.827498024835909263e+01 1.949684831313566846e+01 2.204051547322074356e+01 1.718868816850736536e+01
2.127328774386282717e+01 2.323906566806204665e+01 2.233383393097883385e+01 2.232718140028379494e+01 2.180275852977203854e+01 1.097175362626510520e+01 2.314107713124283805e+01 1.712493967032188635e+01 2.200370439663356947e+01 2.367911385816689318e+01 2.149819615426654806e+01 2.506451581861520950e+01 2.291451487030091272e+01 1.666421641611859883e+01 1.569000995049729852e+01 1.360726049951048999e+01 1.518683313483438724e+01 2.492694711674107921e+01 9.667925649103949581e+00 3.772677421411014809e+00 1.827498024835909263e+01 0.000000000000000000e+00 2.784842332043903568e+01 2.543731846384939743e+01 3.128612405825006348e+01
1.423904694535712778e+01 1.314218970820096288e+01 1.371648294756988840e+01 1.227219882279512930e+01 1.347434019742092026e+01 3.465673960486572014e+01 1.384210407520295583e+01 1.874798365137269585e+01 1.441704285060771262e+01 1.421347260234541565e+01 1.179204015623854751e+01 1.076956317764193116e+01 9.443085635432288072e+00 2.114432814214660183e+01 2.343698486980059315e+01 1.672091051308343879e+01 2.598454691533428829e+01 1.039525397808386487e+01 2.073789605981390238e+01 2.537762396290832356e+01 1.949684831313566846e+01 2.784842332043903568e+01 0.000000000000000000e+00 6.742501262731715350e+00 9.406477217849765537e+00
1.779510918902950678e+01 1.740052741317218121e+01 1.765100674425139005e+01 1.620279391559472870e+01 1.721852601962324059e+01 3.041026601755910264e+01 1.804816412206067611e+01 2.093669730912326088e+01 1.822867524060542266e+01 1.857818120909925952e+01 1.536039803633268797e+01 1.573429104028299186e+01 3.220918598924738863e+00 2.318191535025931316e+01 2.513058634086075926e+01 1.728625123457445412e+01 2.740193761510833781e+01 1.532569037719625271e+01 2.043852856685230535e+01 2.375647361136396896e+01 2.204051547322074356e+01 2.543731846384939743e+01 6.742501262731715350e+00 0.000000000000000000e+00 1.601577213831903279e+01
1.159564007116047257e+01 9.548390204773895107e+00 1.054682969092216993e+01 9.747256232929638387e+00 1.077243344524188373e+01 4.001809163780462342e+01 1.007493128652215830e+01 1.716093900455088672e+01 1.122536826339537797e+01 9.978025449263908442e+00 1.020349536298526338e+01 6.806714156965538720e+00 1.830687650980507541e+01 1.933548297609517164e+01 2.180187894407067262e+01 1.796994566509750513e+01 2.444273722874315169e+01 6.770251137173378453e+00 2.231740593123046779e+01 2.804707160947972966e+01 1.718868816850736536e+01 3.128612405825006348e+01 9.406477217849765537e+00 1.601577213831903279e+01 0.000000000000000000e+00
